################################################
# ITK-SnAP Label Description File
# File format: 
# IDX   -R-  -G-  -B-  -A--  VIS MSH  LABEL
# Fields: 
#    IDX:   Zero-based index 
#    -R-:   Red color component (0..255)
#    -G-:   Green color component (0..255)
#    -B-:   Blue color component (0..255)
#    -A-:   Label transparency (0.00 .. 1.00)
#    VIS:   Label visibility (0 or 1)
#    MSH:   Label mesh visibility (0 or 1)
#  LABEL:   Label description 
################################################
 1000   25    5   25  0  0  0   "Unknown"
 1001    0  255    0  1  1  1   "A8m_L"
 2002    0    0  255  1  1  1   "A8m_R"
 1003  255    0    0  1  1  1   "A8dl_L"
 2004    0  246  255  1  1  1   "A8dl_R"
 1005  255  123  220  1  1  1   "A9l_L"
 2006  255  220  123  1  1  1   "A9l_R"
 1007    0  141  255  1  1  1   "A6dl_L"
 2008    0  106    9  1  1  1   "A6dl_R"
 1009  158   70   53  1  1  1   "A6m_L"
 2010   62    0  106  1  1  1   "A6m_R"
 1011  255  237  255  1  1  1   "A9m_L"
 2012  141  255  158  1  1  1   "A9m_R"
 1013  229    0  255  1  1  1   "A10m_L"
 2014   79  123  141  1  1  1   "A10m_R"
 1015  220  255    0  1  1  1   "A9/46d_L"
 2016  255    0  106  1  1  1   "A9/46d_R"
 1017  237  132    0  1  1  1   "IFJ_L"
 2018  123   88  246  1  1  1   "IFJ_R"
 1019  141    0   88  1  1  1   "A46_L"
 2020  123  106    0  1  1  1   "A46_R"
 1021  158  185  141  1  1  1   "A9/46v_L"
 2022  141  106  176  1  1  1   "A9/46v_R"
 1023   97  185    0  1  1  1   "A8vl_L"
 2024  255  158  176  1  1  1   "A8vl_R"
 1025    0   44   97  1  1  1   "A6vl_L"
 2026   62  193  255  1  1  1   "A6vl_R"
 1027   62   79   44  1  1  1   "A10l_L"
 2028  167    9  167  1  1  1   "A10l_R"
 1029   97   62   79  1  1  1   "A44d_L"
 2030    0  185  141  1  1  1   "A44d_R"
 1031  255  211    0  1  1  1   "IFS_L"
 2032  255  106   79  1  1  1   "IFS_R"
 1033    0    0  158  1  1  1   "A45c_L"
 2034   70    0    0  1  1  1   "A45c_R"
 1035  237  185  255  1  1  1   "A45r_L"
 2036  202  149  106  1  1  1   "A45r_R"
 1037  255    0  167  1  1  1   "A44op_L"
 2038  220  255  123  1  1  1   "A44op_R"
 1039   44   70  176  1  1  1   "A44v_L"
 2040  158  167    0  1  1  1   "A44v_R"
 1041  149  211  220  1  1  1   "A14m_L"
 2042  176  149  167  1  1  1   "A14m_R"
 1043  202  132  255  1  1  1   "A12/47o_L"
 2044    0  255  114  1  1  1   "A12/47o_R"
 1045  167    0    0  1  1  1   "A11l_L"
 2046  132    0  229  1  1  1   "A11l_R"
 1047   44    0   44  1  1  1   "A11m_L"
 2048  255  255  202  1  1  1   "A11m_R"
 1049  229   79  141  1  1  1   "A13_L"
 2050  176  255  211  1  1  1   "A13_R"
 1051    0  176   79  1  1  1   "A12/47l_L"
 2052   88   53    0  1  1  1   "A12/47l_R"
 1053    0  106  167  1  1  1   "A4hf_L"
 2054  149  167  229  1  1  1   "A4hf_R"
 1055  141  193   97  1  1  1   "A6cdl_L"
 2056   35  123   97  1  1  1   "A6cdl_R"
 1057  176   97  132  1  1  1   "A4ul_L"
 2058  176    0   62  1  1  1   "A4ul_R"
 1059  167   88    0  1  1  1   "A4t_L"
 2060  255   62  229  1  1  1   "A4t_R"
 1061    0   62   70  1  1  1   "A4tl_L"
 2062  149  255   62  1  1  1   "A4tl_R"
 1063  132  106   88  1  1  1   "A6cvl_L"
 2064    0  255  202  1  1  1   "A6cvl_R"
 1065  202  149   44  1  1  1   "A1/2/3ll_L"
 2066  255    0   62  1  1  1   "A1/2/3ll_R"
 1067  106  132   62  1  1  1   "A4ll_L"
 2068    0   62  255  1  1  1   "A4ll_R"
 1069    0  167  176  1  1  1   "A38m_L"
 2070  202   88  255  1  1  1   "A38m_R"
 1071  255  202  185  1  1  1   "A41/42_L"
 2072  106   44  106  1  1  1   "A41/42_R"
 1073  255  158   97  1  1  1   "TE1.0/TE1.2_L"
 2074  132   70  185  1  1  1   "TE1.0/TE1.2_R"
 1075  176   70  158  1  1  1   "A22c_L"
 2076  149  149  255  1  1  1   "A22c_R"
 1077  255  106  123  1  1  1   "A38l_L"
 2078    0  106  255  1  1  1   "A38l_R"
 1079  114    9  176  1  1  1   "A22r_L"
 2080  176  167   79  1  1  1   "A22r_R"
 1081  229   79    0  1  1  1   "A21c_L"
 2082    0    0   70  1  1  1   "A21c_R"
 1083   53   35   18  1  1  1   "A21r_L"
 2084   88  141    0  1  1  1   "A21r_R"
 1085    0   35    9  1  1  1   "A37dl_L"
 2086   26  211   18  1  1  1   "A37dl_R"
 1087  123   44   62  1  1  1   "aSTS_L"
 2088   88   88  132  1  1  1   "aSTS_R"
 1089  237  237   70  1  1  1   "A20iv_L"
 2090    0   62    0  1  1  1   "A20iv_R"
 1091  211  229  211  1  1  1   "A37elv_L"
 2092  114    0    0  1  1  1   "A37elv_R"
 1093  202  246  167  1  1  1   "A20r_L"
 2094  167  211    9  1  1  1   "A20r_R"
 1095  246  141  123  1  1  1   "A20il_L"
 2096   26  141   79  1  1  1   "A20il_R"
 1097  114  141  123  1  1  1   "A37vl_L"
 2098  193    0  132  1  1  1   "A37vl_R"
 1099    0   18   44  1  1  1   "A20cl_L"
 2100  106  220  202  1  1  1   "A20cl_R"
 1101   70   79    0  1  1  1   "A20cv_L"
 2102  149   97   44  1  1  1   "A20cv_R"
 1103  185  114  106  1  1  1   "A20rv_L"
 2104    0   26  141  1  1  1   "A20rv_R"
 1105    0  255  158  1  1  1   "A37mv_L"
 2106  255  176    9  1  1  1   "A37mv_R"
 1107  123  202  141  1  1  1   "A37lv_L"
 2108  123  237   97  1  1  1   "A37lv_R"
 1109   79   88   88  1  1  1   "A35/36r_L"
 2110  220  132  193  1  1  1   "A35/36r_R"
 1111  114    0  114  1  1  1   "A35/36c_L"
 2112  211  193  141  1  1  1   "A35/36c_R"
 1113  185  193  220  1  1  1   "TL_L"
 2114   79   97  176  1  1  1   "TL_R"
 1115   88    0   53  1  1  1   "A28/34_L"
 2116  193   79   97  1  1  1   "A28/34_R"
 1117   70   53  123  1  1  1   "TI_L"
 2118  220  193   53  1  1  1   "TI_R"
 1119  185  167  149  1  1  1   "TH_L"
 2120  220   97  229  1  1  1   "TH_R"
 1121  141  123   70  1  1  1   "rpSTS_L"
 2122    0  141  185  1  1  1   "rpSTS_R"
 1123    9   62  211  1  1  1   "cpSTS_L"
 2124  114  106  229  1  1  1   "cpSTS_R"
 1125  255  193  229  1  1  1   "A7r_L"
 2126   70  149  229  1  1  1   "A7r_R"
 1127    0  149    0  1  1  1   "A7c_L"
 2128   44    9   18  1  1  1   "A7c_R"
 1129  193   79   44  1  1  1   "A5l_L"
 2130  255  193  132  1  1  1   "A5l_R"
 1131   44   44   53  1  1  1   "A7pc_L"
 2132   53  220  255  1  1  1   "A7pc_R"
 1133  211   53   62  1  1  1   "A7ip_L"
 2134  141  106  141  1  1  1   "A7ip_R"
 1135  106  176  149  1  1  1   "A39c_L"
 2136   35    0  202  1  1  1   "A39c_R"
 1137  211  220  123  1  1  1   "A39rd_L"
 2138  123   53    0  1  1  1   "A39rd_R"
 1139  167    0  211  1  1  1   "A40rd_L"
 2140   18   79  114  1  1  1   "A40rd_R"
 1141    9   79   62  1  1  1   "A40c_L"
 2142  246  158  255  1  1  1   "A40c_R"
 1143  114  176  211  1  1  1   "A39rv_L"
 2144  106   62   53  1  1  1   "A39rv_R"
 1145   53  106   53  1  1  1   "A40rv_L"
 2146  220   62  185  1  1  1   "A40rv_R"
 1147    0  202   70  1  1  1   "A7m_L"
 2148   62   44   79  1  1  1   "A7m_R"
 1149  246    9  132  1  1  1   "A5m_L"
 2150  185  149  202  1  1  1   "A5m_R"
 1151  220   18   18  1  1  1   "dmPOS_L"
 2152  176  255  246  1  1  1   "dmPOS_R"
 1153   62  220  149  1  1  1   "A31_L"
 2154  167  202   70  1  1  1   "A31_R"
 1155  132  141  176  1  1  1   "A1/2/3ulhf_L"
 2156   88   53  185  1  1  1   "A1/2/3ulhf_R"
 1157  193  149  237  1  1  1   "A1/2/3tonIa_L"
 2158   97  114    0  1  1  1   "A1/2/3tonIa_R"
 1159  255  132  185  1  1  1   "A2_L"
 2160  185    0   97  1  1  1   "A2_R"
 1161  167  237  123  1  1  1   "A1/2/3tru_L"
 2162  255  246    0  1  1  1   "A1/2/3tru_R"
 1163  255  193   79  1  1  1   "G_L"
 2164  220  106   35  1  1  1   "G_R"
 1165  123    0   35  1  1  1   "vIa_L"
 2166  193  255   88  1  1  1   "vIa_R"
 1167  158  185  176  1  1  1   "dIa_L"
 2168  185   70  132  1  1  1   "dIa_R"
 1169  202  123   70  1  1  1   "vId/vIg_L"
 2170  176  106  202  1  1  1   "vId/vIg_R"
 1171   79  149   62  1  1  1   "dIg_L"
 2172    0   62  141  1  1  1   "dIg_R"
 1173   88   44  211  1  1  1   "dId_L"
 2174  246   79  176  1  1  1   "dId_R"
 1175  158  141    9  1  1  1   "A23d_L"
 2176  123  123  132  1  1  1   "A23d_R"
 1177  132   53   97  1  1  1   "A24rv_L"
 2178  106  158  106  1  1  1   "A24rv_R"
 1179  149   97  106  1  1  1   "A32p_L"
 2180  106  202   88  1  1  1   "A32p_R"
 1181  211  158  158  1  1  1   "A23v_L"
 2182  158   88  149  1  1  1   "A23v_R"
 1183   26   35  123  1  1  1   "A24cd_L"
 2184   62    9   79  1  1  1   "A24cd_R"
 1185  220  193  202  1  1  1   "A23c_L"
 2186  149   62  237  1  1  1   "A23c_R"
 1187  167   97  237  1  1  1   "A32sg_L"
 2188   97   79   44  1  1  1   "A32sg_R"
 1189    0  106  106  1  1  1   "cLinG_L"
 2190  255  246  123  1  1  1   "cLinG_R"
 1191   88  255  229  1  1  1   "rCunG_L"
 2192  211  237  255  1  1  1   "rCunG_R"
 1193   97   35  255  1  1  1   "cCunG_L"
 2194  106    9  141  1  1  1   "cCunG_R"
 1195  132   62  149  1  1  1   "rLinG_L"
 2196  106  114   79  1  1  1   "rLinG_R"
 1197  132  255  193  1  1  1   "vmPOS_L"
 2198  158    0  132  1  1  1   "vmPOS_R"
 1199   97  158  158  1  1  1   "mOccG_L"
 2200  202    0  202  1  1  1   "mOccG_R"
 1201   35  106  220  1  1  1   "V5/MT+_L"
 2202   35   44    0  1  1  1   "V5/MT+_R"
 1203  220   97   88  1  1  1   "OPC_L"
 2204  114  123  185  1  1  1   "OPC_R"
 1205  149   18   70  1  1  1   "iOccG_L"
 2206  211  202  255  1  1  1   "iOccG_R"
 1207  185    0  255  1  1  1   "msOccG_L"
 2208    0  158  141  1  1  1   "msOccG_R"
 1209  211  149  185  1  1  1   "lsOccG_L"
 2210   44   88    0  1  1  1   "lsOccG_R"
