################################################
# ITK-SnAP Label Description File
# File format: 
# IDX   -R-  -G-  -B-  -A--  VIS MSH  LABEL
# Fields: 
#    IDX:   Zero-based index 
#    -R-:   Red color component (0..255)
#    -G-:   Green color component (0..255)
#    -B-:   Blue color component (0..255)
#    -A-:   Label transparency (0.00 .. 1.00)
#    VIS:   Label visibility (0 or 1)
#    MSH:   Label mesh visibility (0 or 1)
#  LABEL:   Label description 
################################################
 1000  255  255  255  0  0  0   "unknown"
 1001   63    5  255  1  1  1   "L_V1_ROI"
 1002   54  103  129  1  1  1   "L_MST_ROI"
 1003   62   78  178  1  1  1   "L_V6_ROI"
 1004   23   50  233  1  1  1   "L_V2_ROI"
 1005   15   40  226  1  1  1   "L_V3_ROI"
 1006   14   28  214  1  1  1   "L_V4_ROI"
 1007   26   47  201  1  1  1   "L_V8_ROI"
 1008   33  178   20  1  1  1   "L_4_ROI"
 1009   35  205   21  1  1  1   "L_3b_ROI"
 1010  134  143  137  1  1  1   "L_FEF_ROI"
 1011  141  166  152  1  1  1   "L_PEF_ROI"
 1012   62   88   47  1  1  1   "L_55b_ROI"
 1013    7   57  246  1  1  1   "L_V3A_ROI"
 1014  153   64  133  1  1  1   "L_RSC_ROI"
 1015  186   86  188  1  1  1   "L_POS2_ROI"
 1016   18   70  195  1  1  1   "L_V7_ROI"
 1017   57  114  160  1  1  1   "L_IPS1_ROI"
 1018   57   89  117  1  1  1   "L_FFC_ROI"
 1019   25   47  206  1  1  1   "L_V3B_ROI"
 1020    0   49  184  1  1  1   "L_LO1_ROI"
 1021   18   33  181  1  1  1   "L_LO2_ROI"
 1022   34   43  171  1  1  1   "L_PIT_ROI"
 1023   31   86  104  1  1  1   "L_MT_ROI"
 1024  235   19   47  1  1  1   "L_A1_ROI"
 1025  122   79   56  1  1  1   "L_PSL_ROI"
 1026   31   49   22  1  1  1   "L_SFL_ROI"
 1027  138  128  153  1  1  1   "L_PCV_ROI"
 1028  142   87   76  1  1  1   "L_STV_ROI"
 1029  149  181  188  1  1  1   "L_7Pm_ROI"
 1030   42   31   44  1  1  1   "L_7m_ROI"
 1031   81   54   98  1  1  1   "L_POS1_ROI"
 1032  127   56   91  1  1  1   "L_23d_ROI"
 1033   29    0   14  1  1  1   "L_v23ab_ROI"
 1034   63   17   47  1  1  1   "L_d23ab_ROI"
 1035   54   11   42  1  1  1   "L_31pv_ROI"
 1036   48  163   48  1  1  1   "L_5m_ROI"
 1037  153  172  136  1  1  1   "L_5mv_ROI"
 1038  205  190  194  1  1  1   "L_23c_ROI"
 1039   64  154   64  1  1  1   "L_5L_ROI"
 1040   69  161   44  1  1  1   "L_24dd_ROI"
 1041  119  159   66  1  1  1   "L_24dv_ROI"
 1042  115  194  134  1  1  1   "L_7AL_ROI"
 1043  110  146   86  1  1  1   "L_SCEF_ROI"
 1044  144  179  135  1  1  1   "L_6ma_ROI"
 1045  184  243  224  1  1  1   "L_7Am_ROI"
 1046  169  246  237  1  1  1   "L_7PL_ROI"
 1047   68  177  108  1  1  1   "L_7PC_ROI"
 1048   63  113  158  1  1  1   "L_LIPv_ROI"
 1049   50  129  137  1  1  1   "L_VIP_ROI"
 1050  136  206  204  1  1  1   "L_MIP_ROI"
 1051   20  191   38  1  1  1   "L_1_ROI"
 1052   48  176   62  1  1  1   "L_2_ROI"
 1053   47  216   22  1  1  1   "L_3a_ROI"
 1054   26  158   32  1  1  1   "L_6d_ROI"
 1055   64  159   38  1  1  1   "L_6mp_ROI"
 1056   71  168   50  1  1  1   "L_6v_ROI"
 1057  146  136  107  1  1  1   "L_p24pr_ROI"
 1058  129  106  103  1  1  1   "L_33pr_ROI"
 1059  176  133  130  1  1  1   "L_a24pr_ROI"
 1060  163  142  121  1  1  1   "L_p32pr_ROI"
 1061   67   12   25  1  1  1   "L_a24_ROI"
 1062   90   41   50  1  1  1   "L_d32_ROI"
 1063  105   83   81  1  1  1   "L_8BM_ROI"
 1064   95   32   52  1  1  1   "L_p32_ROI"
 1065   25   12    1  1  1  1   "L_10r_ROI"
 1066   96   75   66  1  1  1   "L_47m_ROI"
 1067   53   54   43  1  1  1   "L_8Av_ROI"
 1068   63   67   48  1  1  1   "L_8Ad_ROI"
 1069   43   35   18  1  1  1   "L_9m_ROI"
 1070   34   39   20  1  1  1   "L_8BL_ROI"
 1071   38   43   28  1  1  1   "L_9p_ROI"
 1072   38   35   24  1  1  1   "L_10d_ROI"
 1073  101   85   84  1  1  1   "L_8C_ROI"
 1074   88   88   62  1  1  1   "L_44_ROI"
 1075   60   63   42  1  1  1   "L_45_ROI"
 1076   51   49   31  1  1  1   "L_47l_ROI"
 1077   77   76   66  1  1  1   "L_a47r_ROI"
 1078  178  214  151  1  1  1   "L_6r_ROI"
 1079  126  119   95  1  1  1   "L_IFJa_ROI"
 1080  137  160  132  1  1  1   "L_IFJp_ROI"
 1081   97   98   87  1  1  1   "L_IFSp_ROI"
 1082  188  201  178  1  1  1   "L_IFSa_ROI"
 1083  138  149  134  1  1  1   "L_p9-46v_ROI"
 1084  207  217  200  1  1  1   "L_46_ROI"
 1085  145  112  128  1  1  1   "L_a9-46v_ROI"
 1086  140  117  131  1  1  1   "L_9-46d_ROI"
 1087   55   52   45  1  1  1   "L_9a_ROI"
 1088   14   35   14  1  1  1   "L_10v_ROI"
 1089   98   75   89  1  1  1   "L_a10p_ROI"
 1090   55   62   58  1  1  1   "L_10pp_ROI"
 1091  129  106  118  1  1  1   "L_11l_ROI"
 1092   82   60   69  1  1  1   "L_13l_ROI"
 1093   40   35   31  1  1  1   "L_OFC_ROI"
 1094   66   35   33  1  1  1   "L_47s_ROI"
 1095  155  180  202  1  1  1   "L_LIPd_ROI"
 1096  121  192  136  1  1  1   "L_6a_ROI"
 1097   90   98   83  1  1  1   "L_i6-8_ROI"
 1098   88   92   73  1  1  1   "L_s6-8_ROI"
 1099  145  138   64  1  1  1   "L_43_ROI"
 1100  114  157   49  1  1  1   "L_OP4_ROI"
 1101   99  158   35  1  1  1   "L_OP1_ROI"
 1102  145  127   52  1  1  1   "L_OP2-3_ROI"
 1103  208   72   66  1  1  1   "L_52_ROI"
 1104  178   61   23  1  1  1   "L_RI_ROI"
 1105  190  144   89  1  1  1   "L_PFcm_ROI"
 1106  131  124   83  1  1  1   "L_PoI2_ROI"
 1107  130   42   27  1  1  1   "L_TA2_ROI"
 1108  182  148  129  1  1  1   "L_FOP4_ROI"
 1109  157  116  106  1  1  1   "L_MI_ROI"
 1110   90   66   65  1  1  1   "L_Pir_ROI"
 1111  141   72   83  1  1  1   "L_AVI_ROI"
 1112   85   35   44  1  1  1   "L_AAIC_ROI"
 1113  160  153   88  1  1  1   "L_FOP1_ROI"
 1114  175  137   99  1  1  1   "L_FOP3_ROI"
 1115   99  156   51  1  1  1   "L_FOP2_ROI"
 1116  129  222  134  1  1  1   "L_PFt_ROI"
 1117  136  220  166  1  1  1   "L_AIP_ROI"
 1118   49   48   35  1  1  1   "L_EC_ROI"
 1119   86   57   83  1  1  1   "L_PreS_ROI"
 1120   60   57   40  1  1  1   "L_H_ROI"
 1121   87   59  176  1  1  1   "L_ProS_ROI"
 1122   61   62   51  1  1  1   "L_PeEc_ROI"
 1123   58   42   26  1  1  1   "L_STGa_ROI"
 1124  195   30    5  1  1  1   "L_PBelt_ROI"
 1125   99   39    6  1  1  1   "L_A5_ROI"
 1126   69   50   75  1  1  1   "L_PHA1_ROI"
 1127   96  102  113  1  1  1   "L_PHA3_ROI"
 1128   77   51   34  1  1  1   "L_STSda_ROI"
 1129   73   57   39  1  1  1   "L_STSdp_ROI"
 1130   71   59   57  1  1  1   "L_STSvp_ROI"
 1131   35   34   23  1  1  1   "L_TGd_ROI"
 1132   11   14    0  1  1  1   "L_TE1a_ROI"
 1133   96  102   94  1  1  1   "L_TE1p_ROI"
 1134   67   64   58  1  1  1   "L_TE2a_ROI"
 1135   64   72   56  1  1  1   "L_TF_ROI"
 1136  105  128  117  1  1  1   "L_TE2p_ROI"
 1137  217  252  223  1  1  1   "L_PHT_ROI"
 1138   88  131  163  1  1  1   "L_PH_ROI"
 1139  125   90   64  1  1  1   "L_TPOJ1_ROI"
 1140  156  162  138  1  1  1   "L_TPOJ2_ROI"
 1141  121  148  145  1  1  1   "L_TPOJ3_ROI"
 1142  120  112  190  1  1  1   "L_DVT_ROI"
 1143  155  190  228  1  1  1   "L_PGp_ROI"
 1144  176  166  174  1  1  1   "L_IP2_ROI"
 1145  118  121  128  1  1  1   "L_IP1_ROI"
 1146  112  160  207  1  1  1   "L_IP0_ROI"
 1147  187  205  145  1  1  1   "L_PFop_ROI"
 1148  255  255  226  1  1  1   "L_PF_ROI"
 1149  133  105  114  1  1  1   "L_PFm_ROI"
 1150   53   62   46  1  1  1   "L_PGi_ROI"
 1151   62   67   57  1  1  1   "L_PGs_ROI"
 1152   41   89  166  1  1  1   "L_V6A_ROI"
 1153   62   61  155  1  1  1   "L_VMV1_ROI"
 1154   49   53  159  1  1  1   "L_VMV3_ROI"
 1155   88   90   89  1  1  1   "L_PHA2_ROI"
 1156   14   79  128  1  1  1   "L_V4t_ROI"
 1157   92  157  153  1  1  1   "L_FST_ROI"
 1158   15   46  182  1  1  1   "L_V3CD_ROI"
 1159   54   94  160  1  1  1   "L_LO3_ROI"
 1160   67   62  161  1  1  1   "L_VMV2_ROI"
 1161   56   22   45  1  1  1   "L_31pd_ROI"
 1162  143  105  133  1  1  1   "L_31a_ROI"
 1163   53   61  124  1  1  1   "L_VVC_ROI"
 1164   36   24   14  1  1  1   "L_25_ROI"
 1165   46   35   21  1  1  1   "L_s32_ROI"
 1166   76   48   53  1  1  1   "L_pOFC_ROI"
 1167  164  104   97  1  1  1   "L_PoI1_ROI"
 1168  110  123   36  1  1  1   "L_Ig_ROI"
 1169  163  102  105  1  1  1   "L_FOP5_ROI"
 1170   89   64   76  1  1  1   "L_p10p_ROI"
 1171  126  123  112  1  1  1   "L_p47r_ROI"
 1172   46   51   42  1  1  1   "L_TGv_ROI"
 1173  187   30   24  1  1  1   "L_MBelt_ROI"
 1174  233   18   27  1  1  1   "L_LBelt_ROI"
 1175  152   39    4  1  1  1   "L_A4_ROI"
 1176   40   33   22  1  1  1   "L_STSva_ROI"
 1177   59   45   43  1  1  1   "L_TE1m_ROI"
 1178  122   50   50  1  1  1   "L_PI_ROI"
 1179  130   63   87  1  1  1   "L_a32pr_ROI"
 1180  123   35   74  1  1  1   "L_p24_ROI"
 2000  255  255  255  1  1  1   "???"
 2001   62    0  255  1  1  1   "R_V1_ROI"
 2002   50  112  128  1  1  1   "R_MST_ROI"
 2003   67   90  180  1  1  1   "R_V6_ROI"
 2004   27   56  234  1  1  1   "R_V2_ROI"
 2005   19   44  232  1  1  1   "R_V3_ROI"
 2006   17   47  220  1  1  1   "R_V4_ROI"
 2007   23   68  210  1  1  1   "R_V8_ROI"
 2008   31  186   26  1  1  1   "R_4_ROI"
 2009   40  197   24  1  1  1   "R_3b_ROI"
 2010  137  155  150  1  1  1   "R_FEF_ROI"
 2011  157  182  167  1  1  1   "R_PEF_ROI"
 2012  105  107   74  1  1  1   "R_55b_ROI"
 2013   19   72  247  1  1  1   "R_V3A_ROI"
 2014  149   69  136  1  1  1   "R_RSC_ROI"
 2015  205  111  205  1  1  1   "R_POS2_ROI"
 2016   28   96  192  1  1  1   "R_V7_ROI"
 2017   63  141  175  1  1  1   "R_IPS1_ROI"
 2018   52  108  122  1  1  1   "R_FFC_ROI"
 2019   40   80  222  1  1  1   "R_V3B_ROI"
 2020   13   67  200  1  1  1   "R_LO1_ROI"
 2021   19   66  182  1  1  1   "R_LO2_ROI"
 2022   37   74  184  1  1  1   "R_PIT_ROI"
 2023   31   99  108  1  1  1   "R_MT_ROI"
 2024  232   10   46  1  1  1   "R_A1_ROI"
 2025  189  148  136  1  1  1   "R_PSL_ROI"
 2026   66   60   47  1  1  1   "R_SFL_ROI"
 2027  130  146  157  1  1  1   "R_PCV_ROI"
 2028  139  115  106  1  1  1   "R_STV_ROI"
 2029  153  213  197  1  1  1   "R_7Pm_ROI"
 2030   47   48   53  1  1  1   "R_7m_ROI"
 2031   83   83  118  1  1  1   "R_POS1_ROI"
 2032  135   56   98  1  1  1   "R_23d_ROI"
 2033   26   11   25  1  1  1   "R_v23ab_ROI"
 2034   60   16   44  1  1  1   "R_d23ab_ROI"
 2035   68   17   50  1  1  1   "R_31pv_ROI"
 2036   43  177   49  1  1  1   "R_5m_ROI"
 2037  139  165  129  1  1  1   "R_5mv_ROI"
 2038  205  197  195  1  1  1   "R_23c_ROI"
 2039   64  163   67  1  1  1   "R_5L_ROI"
 2040   69  167   48  1  1  1   "R_24dd_ROI"
 2041  112  161   66  1  1  1   "R_24dv_ROI"
 2042  113  187  122  1  1  1   "R_7AL_ROI"
 2043  141  153  111  1  1  1   "R_SCEF_ROI"
 2044  150  176  139  1  1  1   "R_6ma_ROI"
 2045  169  249  216  1  1  1   "R_7Am_ROI"
 2046  154  253  227  1  1  1   "R_7PL_ROI"
 2047   71  182  106  1  1  1   "R_7PC_ROI"
 2048   61  129  171  1  1  1   "R_LIPv_ROI"
 2049   54  137  147  1  1  1   "R_VIP_ROI"
 2050  126  210  197  1  1  1   "R_MIP_ROI"
 2051   28  199   44  1  1  1   "R_1_ROI"
 2052   51  185   69  1  1  1   "R_2_ROI"
 2053   44  225   29  1  1  1   "R_3a_ROI"
 2054   31  165   41  1  1  1   "R_6d_ROI"
 2055   67  163   47  1  1  1   "R_6mp_ROI"
 2056   89  185   66  1  1  1   "R_6v_ROI"
 2057  152  148  120  1  1  1   "R_p24pr_ROI"
 2058  117   96   97  1  1  1   "R_33pr_ROI"
 2059  176  134  132  1  1  1   "R_a24pr_ROI"
 2060  176  149  134  1  1  1   "R_p32pr_ROI"
 2061   73   18   38  1  1  1   "R_a24_ROI"
 2062  109   46   65  1  1  1   "R_d32_ROI"
 2063  130   82   92  1  1  1   "R_8BM_ROI"
 2064  112   55   80  1  1  1   "R_p32_ROI"
 2065   26    4    8  1  1  1   "R_10r_ROI"
 2066   79   52   50  1  1  1   "R_47m_ROI"
 2067   79   68   65  1  1  1   "R_8Av_ROI"
 2068   55   62   44  1  1  1   "R_8Ad_ROI"
 2069   43   25   19  1  1  1   "R_9m_ROI"
 2070   35   36   22  1  1  1   "R_8BL_ROI"
 2071   62   53   49  1  1  1   "R_9p_ROI"
 2072   28   23   18  1  1  1   "R_10d_ROI"
 2073  119   89   94  1  1  1   "R_8C_ROI"
 2074  137  102   94  1  1  1   "R_44_ROI"
 2075   91   66   57  1  1  1   "R_45_ROI"
 2076   51   26   27  1  1  1   "R_47l_ROI"
 2077   82   70   69  1  1  1   "R_a47r_ROI"
 2078  191  215  163  1  1  1   "R_6r_ROI"
 2079  138  123  104  1  1  1   "R_IFJa_ROI"
 2080  130  156  136  1  1  1   "R_IFJp_ROI"
 2081  124  112  111  1  1  1   "R_IFSp_ROI"
 2082  212  214  196  1  1  1   "R_IFSa_ROI"
 2083  149  143  137  1  1  1   "R_p9-46v_ROI"
 2084  193  213  191  1  1  1   "R_46_ROI"
 2085  177  134  155  1  1  1   "R_a9-46v_ROI"
 2086  160  135  151  1  1  1   "R_9-46d_ROI"
 2087   64   55   55  1  1  1   "R_9a_ROI"
 2088    0   18    4  1  1  1   "R_10v_ROI"
 2089  104   91  112  1  1  1   "R_a10p_ROI"
 2090   42   49   51  1  1  1   "R_10pp_ROI"
 2091  106   98  108  1  1  1   "R_11l_ROI"
 2092   95   85   88  1  1  1   "R_13l_ROI"
 2093   41   38   36  1  1  1   "R_OFC_ROI"
 2094   65   37   38  1  1  1   "R_47s_ROI"
 2095  145  187  199  1  1  1   "R_LIPd_ROI"
 2096  119  200  143  1  1  1   "R_6a_ROI"
 2097  107  122  107  1  1  1   "R_i6-8_ROI"
 2098   99   93   83  1  1  1   "R_s6-8_ROI"
 2099  160  141   69  1  1  1   "R_43_ROI"
 2100  119  163   49  1  1  1   "R_OP4_ROI"
 2101   94  154   36  1  1  1   "R_OP1_ROI"
 2102  137  130   53  1  1  1   "R_OP2-3_ROI"
 2103  198   69   61  1  1  1   "R_52_ROI"
 2104  167   86   44  1  1  1   "R_RI_ROI"
 2105  181  153   90  1  1  1   "R_PFcm_ROI"
 2106  126  126   86  1  1  1   "R_PoI2_ROI"
 2107  137   43   34  1  1  1   "R_TA2_ROI"
 2108  204  158  148  1  1  1   "R_FOP4_ROI"
 2109  169  130  118  1  1  1   "R_MI_ROI"
 2110   52   65   75  1  1  1   "R_Pir_ROI"
 2111  155   81   96  1  1  1   "R_AVI_ROI"
 2112   78   42   53  1  1  1   "R_AAIC_ROI"
 2113  161  141   91  1  1  1   "R_FOP1_ROI"
 2114  186  146  113  1  1  1   "R_FOP3_ROI"
 2115   97  163   54  1  1  1   "R_FOP2_ROI"
 2116  104  209  117  1  1  1   "R_PFt_ROI"
 2117  132  228  172  1  1  1   "R_AIP_ROI"
 2118   44   51   38  1  1  1   "R_EC_ROI"
 2119   83   62   90  1  1  1   "R_PreS_ROI"
 2120   59   61   44  1  1  1   "R_H_ROI"
 2121   85   73  178  1  1  1   "R_ProS_ROI"
 2122   52   63   51  1  1  1   "R_PeEc_ROI"
 2123   51   50   31  1  1  1   "R_STGa_ROI"
 2124  192   29   10  1  1  1   "R_PBelt_ROI"
 2125  110   39    3  1  1  1   "R_A5_ROI"
 2126   60   62   78  1  1  1   "R_PHA1_ROI"
 2127   76  106  114  1  1  1   "R_PHA3_ROI"
 2128   70   56   40  1  1  1   "R_STSda_ROI"
 2129   93   58   48  1  1  1   "R_STSdp_ROI"
 2130   89   49   61  1  1  1   "R_STSvp_ROI"
 2131   31   38   28  1  1  1   "R_TGd_ROI"
 2132    7   12    0  1  1  1   "R_TE1a_ROI"
 2133  105  109  104  1  1  1   "R_TE1p_ROI"
 2134   65   63   59  1  1  1   "R_TE2a_ROI"
 2135   59   81   64  1  1  1   "R_TF_ROI"
 2136   95  134  120  1  1  1   "R_TE2p_ROI"
 2137  194  250  212  1  1  1   "R_PHT_ROI"
 2138   70  144  166  1  1  1   "R_PH_ROI"
 2139  126  100   82  1  1  1   "R_TPOJ1_ROI"
 2140  138  176  143  1  1  1   "R_TPOJ2_ROI"
 2141   97  155  140  1  1  1   "R_TPOJ3_ROI"
 2142  125  137  203  1  1  1   "R_DVT_ROI"
 2143  144  214  221  1  1  1   "R_PGp_ROI"
 2144  185  181  181  1  1  1   "R_IP2_ROI"
 2145  124  123  129  1  1  1   "R_IP1_ROI"
 2146  107  179  215  1  1  1   "R_IP0_ROI"
 2147  170  201  136  1  1  1   "R_PFop_ROI"
 2148  255  255  221  1  1  1   "R_PF_ROI"
 2149  160  124  134  1  1  1   "R_PFm_ROI"
 2150   54   62   49  1  1  1   "R_PGi_ROI"
 2151   89   79   76  1  1  1   "R_PGs_ROI"
 2152   50  100  170  1  1  1   "R_V6A_ROI"
 2153   51   76  166  1  1  1   "R_VMV1_ROI"
 2154   42   69  171  1  1  1   "R_VMV3_ROI"
 2155   74  102   97  1  1  1   "R_PHA2_ROI"
 2156   13  105  128  1  1  1   "R_V4t_ROI"
 2157   73  164  149  1  1  1   "R_FST_ROI"
 2158   22   73  204  1  1  1   "R_V3CD_ROI"
 2159   56  109  170  1  1  1   "R_LO3_ROI"
 2160   59   76  173  1  1  1   "R_VMV2_ROI"
 2161   78   27   60  1  1  1   "R_31pd_ROI"
 2162  141  107  134  1  1  1   "R_31a_ROI"
 2163   53   80  135  1  1  1   "R_VVC_ROI"
 2164   26   19   12  1  1  1   "R_25_ROI"
 2165   27   19    9  1  1  1   "R_s32_ROI"
 2166   77   53   61  1  1  1   "R_pOFC_ROI"
 2167  166  107  103  1  1  1   "R_PoI1_ROI"
 2168  108  130   41  1  1  1   "R_Ig_ROI"
 2169  184  106  119  1  1  1   "R_FOP5_ROI"
 2170   92   70   83  1  1  1   "R_p10p_ROI"
 2171  149  122  122  1  1  1   "R_p47r_ROI"
 2172   56   65   54  1  1  1   "R_TGv_ROI"
 2173  188   17   26  1  1  1   "R_MBelt_ROI"
 2174  216   24   28  1  1  1   "R_LBelt_ROI"
 2175  150   40    8  1  1  1   "R_A4_ROI"
 2176   49   40   35  1  1  1   "R_STSva_ROI"
 2177   82   54   59  1  1  1   "R_TE1m_ROI"
 2178  129   59   62  1  1  1   "R_PI_ROI"
 2179  152   81  109  1  1  1   "R_a32pr_ROI"
 2180  122   44   81  1  1  1   "R_p24_ROI"
